League 1 =

    0.4512
    0.6697
    1.0000
    0.9964

ENew1 =

    0.7991
    0.7727
    1.0000
    0.8920

Real Data =

    0.9885
    0.9871
    1.0000
    0.9976

ENew2 =

    0.9364
    0.9149
    1.0000
    0.9790

ENew3 =

    0.8751
    0.8501
    1.0000
    0.9167
